0.000000 0.000000 2456958.110978 147.066000 0.370000 0.708280 -59.046727 0.000000
0.000000 0.000000 2456958.111034 146.696000 0.231000 0.708280 -59.046771 0.000000
0.000000 0.000000 2456958.111091 146.685000 0.183000 0.708280 -59.046816 0.000000
0.000000 0.000000 2456958.111156 146.557000 0.151000 0.708280 -59.046867 0.000000
0.000000 0.000000 2456958.111203 146.396000 0.097000 0.708280 -59.046904 0.000000
0.000000 0.000000 2456958.111259 146.374000 0.088000 0.708280 -59.046949 0.000000
0.000000 0.000000 2456958.111325 146.436000 0.100000 0.708280 -59.047000 0.000000
0.000000 0.000000 2456958.111437 146.256000 0.130000 0.708281 -59.047089 0.000000
0.000000 0.000000 2456958.184993 146.244000 0.364000 0.708473 -59.110552 0.000000
0.000000 0.000000 2456958.185043 146.148000 0.296000 0.708473 -59.110599 0.000000
0.000000 0.000000 2456958.185105 146.192000 0.267000 0.708474 -59.110657 0.000000
0.000000 0.000000 2456958.185162 146.271000 0.225000 0.708474 -59.110710 0.000000
0.000000 0.000000 2456958.185218 146.047000 0.273000 0.708474 -59.110762 0.000000
0.000000 0.000000 2456958.185274 146.068000 0.158000 0.708474 -59.110815 0.000000
0.000000 0.000000 2456958.185330 146.023000 0.177000 0.708475 -59.110867 0.000000
0.000000 0.000000 2456958.185386 146.095000 0.191000 0.708475 -59.110920 0.000000
0.000000 0.000000 2456994.910525 379.996000 0.446000 -0.466571 -5.114377 0.000000
0.000000 0.000000 2456994.910581 380.038000 0.375000 -0.466569 -5.114594 0.000000
0.000000 0.000000 2456994.910638 379.977000 0.336000 -0.466567 -5.114810 0.000000
0.000000 0.000000 2456994.910694 380.099000 0.224000 -0.466565 -5.115027 0.000000
0.000000 0.000000 2456994.910750 380.269000 0.174000 -0.466562 -5.115244 0.000000
0.000000 0.000000 2456994.910806 380.293000 0.197000 -0.466560 -5.115460 0.000000
0.000000 0.000000 2456994.910863 380.388000 0.190000 -0.466558 -5.115677 0.000000
0.000000 0.000000 2456995.086642 378.656000 0.428000 -0.459463 -5.782843 0.000000
0.000000 0.000000 2456995.086698 379.200000 0.402000 -0.459460 -5.783051 0.000000
0.000000 0.000000 2456995.086754 378.948000 0.340000 -0.459458 -5.783258 0.000000
0.000000 0.000000 2456995.086810 379.065000 0.246000 -0.459456 -5.783465 0.000000
0.000000 0.000000 2456995.086876 378.925000 0.150000 -0.459454 -5.783706 0.000000
0.000000 0.000000 2456995.086932 378.929000 0.089000 -0.459451 -5.783913 0.000000
0.000000 0.000000 2456995.086988 378.729000 0.105000 -0.459449 -5.784121 0.000000
0.000000 0.000000 2456995.087044 378.508000 0.181000 -0.459447 -5.784328 0.000000
0.000000 0.000000 2456995.087100 378.727000 0.217000 -0.459445 -5.784535 0.000000
0.000000 0.000000 2456995.160659 378.282000 0.231000 -0.456469 -6.064327 0.000000
0.000000 0.000000 2456995.160715 378.358000 0.182000 -0.456466 -6.064546 0.000000
0.000000 0.000000 2456995.160771 378.248000 0.181000 -0.456464 -6.064765 0.000000
0.000000 0.000000 2456995.160827 377.987000 0.183000 -0.456462 -6.064985 0.000000
0.000000 0.000000 2456995.160884 378.292000 0.165000 -0.456459 -6.065205 0.000000
0.000000 0.000000 2456995.160940 378.158000 0.162000 -0.456457 -6.065424 0.000000
0.000000 0.000000 2456995.160996 378.527000 0.154000 -0.456455 -6.065644 0.000000
0.000000 0.000000 2456995.161052 378.331000 0.159000 -0.456452 -6.065863 0.000000
0.000000 0.000000 2456995.161108 378.279000 0.163000 -0.456450 -6.066083 0.000000
0.000000 0.000000 2457010.091395 74.666000 0.270000 0.196591 -68.579568 0.000000
0.000000 0.000000 2457010.091451 74.947000 0.211000 0.196593 -68.579790 0.000000
0.000000 0.000000 2457010.091508 74.817000 0.190000 0.196595 -68.580011 0.000000
0.000000 0.000000 2457010.091564 74.643000 0.131000 0.196597 -68.580232 0.000000
0.000000 0.000000 2457010.091620 74.649000 0.078000 0.196599 -68.580453 0.000000
0.000000 0.000000 2457010.091676 74.727000 0.094000 0.196600 -68.580674 0.000000
0.000000 0.000000 2457010.091733 74.834000 0.125000 0.196602 -68.580896 0.000000
0.000000 0.000000 2457010.091789 74.620000 0.170000 0.196604 -68.581117 0.000000
0.000000 0.000000 2457010.091845 74.300000 0.203000 0.196606 -68.581338 0.000000
0.000000 0.000000 2457010.165414 72.536000 0.230000 0.199127 -68.878089 0.000000
0.000000 0.000000 2457010.165470 72.693000 0.180000 0.199129 -68.878321 0.000000
0.000000 0.000000 2457010.165527 72.654000 0.182000 0.199131 -68.878552 0.000000
0.000000 0.000000 2457010.165583 72.862000 0.186000 0.199133 -68.878784 0.000000
0.000000 0.000000 2457010.165639 72.911000 0.166000 0.199135 -68.879015 0.000000
0.000000 0.000000 2457010.165695 72.799000 0.164000 0.199137 -68.879247 0.000000
0.000000 0.000000 2457010.165752 72.862000 0.156000 0.199139 -68.879478 0.000000
0.000000 0.000000 2457010.165808 72.731000 0.162000 0.199141 -68.879710 0.000000
0.000000 0.000000 2457010.165864 72.736000 0.165000 0.199143 -68.879941 0.000000
0.000000 0.000000 2457010.341555 68.050000 0.169000 0.205148 -69.590003 0.000000
0.000000 0.000000 2457010.341611 67.960000 0.147000 0.205150 -69.590224 0.000000
0.000000 0.000000 2457010.341667 67.835000 0.144000 0.205152 -69.590446 0.000000
0.000000 0.000000 2457010.341724 67.997000 0.130000 0.205154 -69.590667 0.000000
0.000000 0.000000 2457010.341780 67.869000 0.128000 0.205156 -69.590889 0.000000
0.000000 0.000000 2457010.341836 68.146000 0.150000 0.205157 -69.591111 0.000000
0.000000 0.000000 2457010.341892 67.879000 0.132000 0.205159 -69.591332 0.000000
0.000000 0.000000 2457010.341948 67.909000 0.140000 0.205161 -69.591554 0.000000
0.000000 0.000000 2457010.342005 68.016000 0.136000 0.205163 -69.591776 0.000000
0.000000 0.000000 2457010.415668 65.239000 0.265000 0.207653 -69.888269 0.000000
0.000000 0.000000 2457010.415724 65.531000 0.223000 0.207655 -69.888500 0.000000
0.000000 0.000000 2457010.415780 65.900000 0.271000 0.207657 -69.888731 0.000000
0.000000 0.000000 2457010.415837 65.774000 0.157000 0.207659 -69.888962 0.000000
0.000000 0.000000 2457010.415893 65.911000 0.172000 0.207661 -69.889193 0.000000
0.000000 0.000000 2457010.415949 66.203000 0.190000 0.207663 -69.889424 0.000000
0.000000 0.000000 2457076.668390 -290.203000 0.275000 -0.222095 -133.164509 0.000000
0.000000 0.000000 2457076.668446 -290.108000 0.301000 -0.222093 -133.164736 0.000000
0.000000 0.000000 2457076.668503 -290.254000 0.241000 -0.222091 -133.164962 0.000000
0.000000 0.000000 2457076.668559 -290.239000 0.186000 -0.222089 -133.165189 0.000000
0.000000 0.000000 2457076.668615 -290.383000 0.163000 -0.222087 -133.165415 0.000000
0.000000 0.000000 2457076.668671 -290.423000 0.203000 -0.222085 -133.165642 0.000000
0.000000 0.000000 2457076.668728 -290.642000 0.206000 -0.222083 -133.165868 0.000000
0.000000 0.000000 2457076.668784 -290.445000 0.249000 -0.222082 -133.166094 0.000000
0.000000 0.000000 2457076.668840 -290.366000 0.278000 -0.222080 -133.166321 0.000000
0.000000 0.000000 2457076.844544 -293.182000 0.165000 -0.216246 -133.862525 0.000000
0.000000 0.000000 2457076.844601 -293.021000 0.116000 -0.216244 -133.862745 0.000000
0.000000 0.000000 2457076.844657 -292.892000 0.110000 -0.216243 -133.862965 0.000000
0.000000 0.000000 2457076.844713 -292.922000 0.088000 -0.216241 -133.863185 0.000000
0.000000 0.000000 2457076.844826 -292.765000 0.071000 -0.216237 -133.863625 0.000000
0.000000 0.000000 2457076.844882 -292.744000 0.073000 -0.216235 -133.863844 0.000000
0.000000 0.000000 2457076.844938 -292.867000 0.068000 -0.216233 -133.864064 0.000000
0.000000 0.000000 2457076.918577 -293.923000 0.247000 -0.213786 -134.155086 0.000000
0.000000 0.000000 2457076.918634 -294.076000 0.213000 -0.213784 -134.155313 0.000000
0.000000 0.000000 2457076.918690 -293.995000 0.208000 -0.213782 -134.155540 0.000000
0.000000 0.000000 2457076.918746 -293.894000 0.206000 -0.213780 -134.155767 0.000000
0.000000 0.000000 2457076.918802 -293.746000 0.177000 -0.213778 -134.155993 0.000000
0.000000 0.000000 2457076.918859 -293.772000 0.180000 -0.213776 -134.156220 0.000000
0.000000 0.000000 2457076.918915 -293.919000 0.174000 -0.213774 -134.156447 0.000000
0.000000 0.000000 2457076.918971 -293.770000 0.164000 -0.213772 -134.156674 0.000000
0.000000 0.000000 2457076.919027 -293.929000 0.164000 -0.213770 -134.156901 0.000000
0.000000 0.000000 2457092.852770 -303.061000 0.459000 0.477194 160.233922 0.000000
0.000000 0.000000 2457092.852832 -303.020000 0.377000 0.477196 160.233700 0.000000
0.000000 0.000000 2457092.852888 -302.758000 0.314000 0.477198 160.233498 0.000000
0.000000 0.000000 2457092.852945 -303.008000 0.228000 0.477201 160.233296 0.000000
0.000000 0.000000 2457092.853001 -303.150000 0.176000 0.477203 160.233094 0.000000
0.000000 0.000000 2457092.853057 -303.165000 0.155000 0.477205 160.232891 0.000000
0.000000 0.000000 2457092.853113 -303.281000 0.164000 0.477207 160.232689 0.000000
0.000000 0.000000 2457092.853170 -303.387000 0.202000 0.477209 160.232487 0.000000
0.000000 0.000000 2457092.853226 -303.583000 0.251000 0.477211 160.232285 0.000000
0.000000 0.000000 2457092.926772 -302.725000 0.281000 0.480094 159.962203 0.000000
0.000000 0.000000 2457092.926828 -302.244000 0.150000 0.480096 159.961992 0.000000
0.000000 0.000000 2457092.926884 -302.520000 0.200000 0.480098 159.961780 0.000000
0.000000 0.000000 2457092.926940 -301.959000 0.195000 0.480100 159.961569 0.000000
0.000000 0.000000 2457092.926997 -302.469000 0.148000 0.480103 159.961357 0.000000
0.000000 0.000000 2457092.927053 -302.345000 0.182000 0.480105 159.961145 0.000000
0.000000 0.000000 2457092.927118 -302.434000 0.178000 0.480107 159.960899 0.000000
0.000000 0.000000 2457092.927174 -302.571000 0.196000 0.480110 159.960688 0.000000
0.000000 0.000000 2457092.927231 -302.238000 0.197000 0.480112 159.960477 0.000000
0.000000 0.000000 2457093.102961 -300.488000 0.125000 0.487002 159.314968 0.000000
0.000000 0.000000 2457093.103008 -300.433000 0.089000 0.487004 159.314802 0.000000
0.000000 0.000000 2457093.103064 -300.012000 0.095000 0.487006 159.314603 0.000000
0.000000 0.000000 2457093.103129 -300.219000 0.093000 0.487008 159.314372 0.000000
0.000000 0.000000 2457093.103177 -300.393000 0.069000 0.487010 159.314205 0.000000
0.000000 0.000000 2457093.103233 -300.383000 0.067000 0.487012 159.314006 0.000000
0.000000 0.000000 2457093.103289 -300.093000 0.067000 0.487015 159.313807 0.000000
0.000000 0.000000 2457093.103345 -300.285000 0.072000 0.487017 159.313607 0.000000
0.000000 0.000000 2457093.103402 -300.278000 0.065000 0.487019 159.313408 0.000000
0.000000 0.000000 2457093.176983 -299.263000 0.162000 0.489865 159.046334 0.000000
0.000000 0.000000 2457093.177034 -299.224000 0.123000 0.489867 159.046143 0.000000
0.000000 0.000000 2457093.177151 -299.369000 0.131000 0.489872 159.045707 0.000000
0.000000 0.000000 2457093.177203 -299.426000 0.116000 0.489874 159.045516 0.000000
0.000000 0.000000 2457093.177259 -299.443000 0.109000 0.489876 159.045307 0.000000
0.000000 0.000000 2457093.177372 -299.233000 0.170000 0.489881 159.044889 0.000000
0.000000 0.000000 2457093.177428 -299.363000 0.175000 0.489883 159.044680 0.000000
0.000000 0.000000 2457129.913939 -308.211000 0.190000 -0.714447 -145.071143 0.000000
0.000000 0.000000 2457129.913996 -308.216000 0.172000 -0.714447 -145.071191 0.000000
0.000000 0.000000 2457129.914052 -308.078000 0.189000 -0.714447 -145.071239 0.000000
0.000000 0.000000 2457129.914108 -308.177000 0.169000 -0.714446 -145.071287 0.000000
0.000000 0.000000 2457129.914164 -307.891000 0.171000 -0.714446 -145.071335 0.000000
0.000000 0.000000 2457129.914221 -308.032000 0.173000 -0.714446 -145.071383 0.000000
0.000000 0.000000 2457129.914277 -307.930000 0.187000 -0.714446 -145.071432 0.000000
0.000000 0.000000 2457129.914327 -308.172000 0.186000 -0.714446 -145.071475 0.000000
0.000000 0.000000 2457129.914384 -308.021000 0.191000 -0.714446 -145.071523 0.000000
0.000000 0.000000 2457130.090106 -308.766000 0.442000 -0.714091 -145.210233 0.000000
0.000000 0.000000 2457130.090162 -308.700000 0.319000 -0.714091 -145.210272 0.000000
0.000000 0.000000 2457130.090218 -308.592000 0.242000 -0.714091 -145.210312 0.000000
0.000000 0.000000 2457130.090275 -308.506000 0.172000 -0.714091 -145.210351 0.000000
0.000000 0.000000 2457130.090331 -308.484000 0.117000 -0.714091 -145.210391 0.000000
0.000000 0.000000 2457130.090387 -308.478000 0.107000 -0.714091 -145.210430 0.000000
0.000000 0.000000 2457130.090443 -308.475000 0.092000 -0.714091 -145.210469 0.000000
0.000000 0.000000 2457130.090500 -308.402000 0.088000 -0.714091 -145.210509 0.000000
0.000000 0.000000 2457130.090556 -308.408000 0.113000 -0.714091 -145.210548 0.000000
0.000000 0.000000 2457167.315033 -46.727000 0.162000 0.557487 109.442292 0.000000
0.000000 0.000000 2457167.315089 -46.531000 0.151000 0.557485 109.442432 0.000000
0.000000 0.000000 2457167.315145 -46.727000 0.152000 0.557482 109.442573 0.000000
0.000000 0.000000 2457167.315202 -46.726000 0.148000 0.557480 109.442714 0.000000
0.000000 0.000000 2457167.315258 -46.614000 0.138000 0.557477 109.442854 0.000000
0.000000 0.000000 2457167.315427 -46.616000 0.132000 0.557470 109.443277 0.000000
0.000000 0.000000 2457167.315477 -46.751000 0.098000 0.557468 109.443403 0.000000
0.000000 0.000000 2457281.436816 222.659000 0.127000 0.518349 -23.598845 0.000000
0.000000 0.000000 2457281.436863 222.585000 0.072000 0.518348 -23.598744 0.000000
0.000000 0.000000 2457281.436919 222.577000 0.073000 0.518346 -23.598623 0.000000
0.000000 0.000000 2457281.437031 222.517000 0.061000 0.518342 -23.598382 0.000000
0.000000 0.000000 2457281.437088 222.625000 0.064000 0.518340 -23.598261 0.000000
0.000000 0.000000 2457281.437153 222.465000 0.086000 0.518338 -23.598121 0.000000
0.000000 0.000000 2457281.437209 222.591000 0.080000 0.518336 -23.598001 0.000000
0.000000 0.000000 2457281.437265 222.659000 0.077000 0.518335 -23.597881 0.000000
0.000000 0.000000 2457281.510818 223.038000 0.138000 0.515945 -23.442676 0.000000
0.000000 0.000000 2457281.510869 223.170000 0.120000 0.515943 -23.442571 0.000000
0.000000 0.000000 2457281.510926 223.069000 0.127000 0.515942 -23.442456 0.000000
0.000000 0.000000 2457281.510982 223.108000 0.106000 0.515940 -23.442341 0.000000
0.000000 0.000000 2457281.511043 222.900000 0.112000 0.515938 -23.442217 0.000000
0.000000 0.000000 2457281.511099 223.049000 0.114000 0.515936 -23.442102 0.000000
0.000000 0.000000 2457281.511151 223.158000 0.094000 0.515934 -23.441998 0.000000
0.000000 0.000000 2457281.511212 223.065000 0.113000 0.515933 -23.441873 0.000000
0.000000 0.000000 2457281.511263 223.109000 0.090000 0.515931 -23.441769 0.000000
0.000000 0.000000 2457301.258267 224.776000 0.124000 -0.670012 41.941471 0.000000
0.000000 0.000000 2457301.258435 224.865000 0.100000 -0.670016 41.941649 0.000000
0.000000 0.000000 2457301.258492 224.820000 0.092000 -0.670017 41.941709 0.000000
0.000000 0.000000 2457301.258543 224.832000 0.141000 -0.670018 41.941763 0.000000
0.000000 0.000000 2457301.258599 225.048000 0.084000 -0.670020 41.941823 0.000000
0.000000 0.000000 2457301.258656 224.854000 0.082000 -0.670021 41.941882 0.000000
0.000000 0.000000 2457301.258717 224.570000 0.107000 -0.670022 41.941947 0.000000
0.000000 0.000000 2457334.157380 61.419000 0.129000 0.678409 -64.257679 0.000000
0.000000 0.000000 2457334.157427 61.265000 0.069000 0.678409 -64.257752 0.000000
0.000000 0.000000 2457334.157483 61.236000 0.070000 0.678410 -64.257839 0.000000
0.000000 0.000000 2457334.157548 61.469000 0.095000 0.678410 -64.257939 0.000000
0.000000 0.000000 2457334.157604 61.288000 0.076000 0.678411 -64.258026 0.000000
0.000000 0.000000 2457334.157661 61.137000 0.072000 0.678411 -64.258113 0.000000
0.000000 0.000000 2457334.157717 61.178000 0.080000 0.678412 -64.258199 0.000000
0.000000 0.000000 2457334.157773 61.328000 0.075000 0.678412 -64.258286 0.000000
0.000000 0.000000 2457334.157829 61.102000 0.077000 0.678413 -64.258372 0.000000
0.000000 0.000000 2457334.231379 60.711000 0.140000 0.679167 -64.377411 0.000000
0.000000 0.000000 2457334.231431 60.793000 0.104000 0.679168 -64.377498 0.000000
0.000000 0.000000 2457334.231487 61.034000 0.096000 0.679168 -64.377593 0.000000
0.000000 0.000000 2457334.231543 60.668000 0.090000 0.679169 -64.377688 0.000000
0.000000 0.000000 2457334.231604 60.756000 0.140000 0.679170 -64.377792 0.000000
0.000000 0.000000 2457334.231661 60.790000 0.094000 0.679170 -64.377887 0.000000
0.000000 0.000000 2457334.231717 60.797000 0.100000 0.679171 -64.377982 0.000000
0.000000 0.000000 2457334.231768 60.906000 0.078000 0.679172 -64.378069 0.000000
0.000000 0.000000 2457451.717571 -159.166000 0.157000 -0.397088 -130.840517 0.000000
0.000000 0.000000 2457451.717627 -159.288000 0.149000 -0.397087 -130.840717 0.000000
0.000000 0.000000 2457451.717684 -159.061000 0.148000 -0.397085 -130.840917 0.000000
0.000000 0.000000 2457451.717740 -159.118000 0.139000 -0.397083 -130.841117 0.000000
0.000000 0.000000 2457451.717796 -159.162000 0.135000 -0.397082 -130.841318 0.000000
0.000000 0.000000 2457451.717852 -159.286000 0.167000 -0.397080 -130.841518 0.000000
0.000000 0.000000 2457451.717909 -159.320000 0.130000 -0.397079 -130.841719 0.000000
0.000000 0.000000 2457451.717965 -159.402000 0.131000 -0.397077 -130.841919 0.000000
0.000000 0.000000 2457451.718021 -159.235000 0.138000 -0.397075 -130.842119 0.000000
0.000000 0.000000 2457451.893738 -160.467000 0.115000 -0.392073 -131.456665 0.000000
0.000000 0.000000 2457451.893785 -160.308000 0.071000 -0.392072 -131.456826 0.000000
0.000000 0.000000 2457451.893851 -160.352000 0.079000 -0.392070 -131.457049 0.000000
0.000000 0.000000 2457451.893907 -160.308000 0.076000 -0.392069 -131.457241 0.000000
0.000000 0.000000 2457451.893963 -160.381000 0.076000 -0.392067 -131.457432 0.000000
0.000000 0.000000 2457451.894020 -160.356000 0.072000 -0.392066 -131.457624 0.000000
0.000000 0.000000 2457451.894076 -160.401000 0.076000 -0.392064 -131.457815 0.000000
0.000000 0.000000 2457451.894132 -160.547000 0.079000 -0.392063 -131.458007 0.000000
0.000000 0.000000 2457451.894188 -160.507000 0.078000 -0.392061 -131.458198 0.000000
0.000000 0.000000 2457474.399205 -113.954000 0.146000 0.632656 140.700367 0.000000
0.000000 0.000000 2457474.399256 -114.037000 0.104000 0.632657 140.700241 0.000000
0.000000 0.000000 2457474.399312 -114.099000 0.102000 0.632658 140.700101 0.000000
0.000000 0.000000 2457474.399374 -113.960000 0.143000 0.632660 140.699946 0.000000
0.000000 0.000000 2457474.399424 -113.904000 0.105000 0.632661 140.699820 0.000000
0.000000 0.000000 2457474.399481 -113.912000 0.105000 0.632663 140.699679 0.000000
0.000000 0.000000 2457474.399537 -114.051000 0.102000 0.632664 140.699539 0.000000
0.000000 0.000000 2457474.399593 -114.025000 0.099000 0.632666 140.699398 0.000000
0.000000 0.000000 2457474.399649 -113.952000 0.101000 0.632667 140.699259 0.000000
0.000000 0.000000 2457547.180023 -7.920000 0.268000 0.394007 107.029731 0.000000
0.000000 0.000000 2457547.180079 -8.291000 0.215000 0.394004 107.029917 0.000000
0.000000 0.000000 2457547.180135 -8.259000 0.195000 0.394001 107.030103 0.000000
0.000000 0.000000 2457547.180192 -8.111000 0.182000 0.393998 107.030289 0.000000
0.000000 0.000000 2457547.180248 -7.992000 0.145000 0.393995 107.030475 0.000000
0.000000 0.000000 2457547.180304 -8.145000 0.144000 0.393992 107.030661 0.000000
0.000000 0.000000 2457547.180361 -8.083000 0.141000 0.393989 107.030847 0.000000
0.000000 0.000000 2457547.180417 -8.193000 0.142000 0.393985 107.031034 0.000000
0.000000 0.000000 2457547.180473 -8.176000 0.144000 0.393982 107.031220 0.000000
0.000000 0.000000 2457547.356201 -9.851000 0.153000 0.383970 107.626781 0.000000
0.000000 0.000000 2457547.356251 -9.864000 0.106000 0.383967 107.626957 0.000000
0.000000 0.000000 2457547.356307 -9.893000 0.102000 0.383964 107.627154 0.000000
0.000000 0.000000 2457547.356363 -9.842000 0.103000 0.383961 107.627350 0.000000
0.000000 0.000000 2457547.356420 -9.809000 0.095000 0.383958 107.627547 0.000000
0.000000 0.000000 2457547.356476 -9.852000 0.096000 0.383954 107.627743 0.000000
0.000000 0.000000 2457547.356532 -9.843000 0.095000 0.383951 107.627939 0.000000
0.000000 0.000000 2457547.356588 -9.917000 0.090000 0.383948 107.628135 0.000000
0.000000 0.000000 2457547.356645 -9.836000 0.096000 0.383944 107.628331 0.000000
0.000000 0.000000 2457547.430215 -10.420000 0.161000 0.379691 107.881862 0.000000
0.000000 0.000000 2457547.430265 -10.589000 0.108000 0.379688 107.882032 0.000000
0.000000 0.000000 2457547.430322 -10.587000 0.119000 0.379685 107.882221 0.000000
0.000000 0.000000 2457547.430378 -10.558000 0.105000 0.379682 107.882411 0.000000
0.000000 0.000000 2457547.430434 -10.420000 0.100000 0.379679 107.882600 0.000000
0.000000 0.000000 2457547.430490 -10.431000 0.166000 0.379675 107.882790 0.000000
0.000000 0.000000 2457547.430547 -10.507000 0.106000 0.379672 107.882979 0.000000
0.000000 0.000000 2457547.430609 -10.606000 0.139000 0.379669 107.883189 0.000000
0.000000 0.000000 2457547.430659 -10.585000 0.111000 0.379666 107.883358 0.000000
0.000000 0.000000 2457556.685705 -97.597000 0.197000 -0.218355 143.507185 0.000000
0.000000 0.000000 2457556.685761 -97.528000 0.173000 -0.218358 143.507379 0.000000
0.000000 0.000000 2457556.685817 -97.451000 0.154000 -0.218361 143.507573 0.000000
0.000000 0.000000 2457556.685874 -97.499000 0.144000 -0.218364 143.507766 0.000000
0.000000 0.000000 2457556.685930 -97.575000 0.138000 -0.218367 143.507960 0.000000
0.000000 0.000000 2457556.685986 -97.421000 0.205000 -0.218370 143.508154 0.000000
0.000000 0.000000 2457556.686042 -97.640000 0.141000 -0.218373 143.508348 0.000000
0.000000 0.000000 2457556.686099 -97.653000 0.140000 -0.218376 143.508542 0.000000
0.000000 0.000000 2457556.686155 -97.728000 0.148000 -0.218379 143.508735 0.000000
0.000000 0.000000 2457680.545519 93.616000 0.156000 -0.713568 35.432136 0.000000
0.000000 0.000000 2457680.545575 93.667000 0.156000 -0.713568 35.432124 0.000000
0.000000 0.000000 2457680.545631 93.809000 0.180000 -0.713568 35.432111 0.000000
0.000000 0.000000 2457680.545687 93.687000 0.152000 -0.713568 35.432099 0.000000
0.000000 0.000000 2457680.545743 93.790000 0.152000 -0.713569 35.432086 0.000000
0.000000 0.000000 2457680.545800 93.772000 0.151000 -0.713569 35.432074 0.000000
0.000000 0.000000 2457680.545856 93.639000 0.159000 -0.713569 35.432061 0.000000
0.000000 0.000000 2457680.545912 93.747000 0.177000 -0.713569 35.432049 0.000000
0.000000 0.000000 2457680.545968 93.963000 0.164000 -0.713570 35.432036 0.000000
0.000000 0.000000 2457680.721647 93.716000 0.207000 -0.714470 35.396723 0.000000
0.000000 0.000000 2457680.721698 93.540000 0.142000 -0.714470 35.396715 0.000000
0.000000 0.000000 2457680.721760 93.662000 0.149000 -0.714471 35.396706 0.000000
0.000000 0.000000 2457680.721816 93.605000 0.138000 -0.714471 35.396698 0.000000
0.000000 0.000000 2457680.721872 93.628000 0.134000 -0.714471 35.396690 0.000000
0.000000 0.000000 2457680.721929 93.827000 0.134000 -0.714472 35.396682 0.000000
0.000000 0.000000 2457680.721985 93.678000 0.135000 -0.714472 35.396673 0.000000
0.000000 0.000000 2457680.722041 93.792000 0.135000 -0.714472 35.396665 0.000000
0.000000 0.000000 2457680.722097 93.682000 0.134000 -0.714473 35.396657 0.000000
0.000000 0.000000 2457710.204208 6.544000 0.109000 0.615403 -68.393265 0.000000
0.000000 0.000000 2457710.204255 6.314000 0.075000 0.615404 -68.393372 0.000000
0.000000 0.000000 2457710.204312 6.485000 0.068000 0.615405 -68.393499 0.000000
0.000000 0.000000 2457710.204368 6.390000 0.069000 0.615406 -68.393626 0.000000
0.000000 0.000000 2457710.204433 6.333000 0.082000 0.615407 -68.393774 0.000000
0.000000 0.000000 2457710.204489 6.463000 0.080000 0.615408 -68.393901 0.000000
0.000000 0.000000 2457710.204537 6.258000 0.070000 0.615409 -68.394008 0.000000
0.000000 0.000000 2457710.204602 6.372000 0.086000 0.615410 -68.394155 0.000000
0.000000 0.000000 2457710.204649 6.458000 0.073000 0.615410 -68.394262 0.000000
0.000000 0.000000 2457827.574886 -38.798000 0.131000 -0.526196 -132.279194 0.000000
0.000000 0.000000 2457827.574985 -38.735000 0.097000 -0.526194 -132.279488 0.000000
0.000000 0.000000 2457827.575097 -38.734000 0.085000 -0.526191 -132.279823 0.000000
0.000000 0.000000 2457827.575162 -39.247000 0.136000 -0.526190 -132.280018 0.000000
0.000000 0.000000 2457827.575219 -38.680000 0.090000 -0.526189 -132.280186 0.000000
0.000000 0.000000 2457827.751062 -39.301000 0.144000 -0.522139 -132.794444 0.000000
0.000000 0.000000 2457827.751109 -38.950000 0.077000 -0.522138 -132.794579 0.000000
0.000000 0.000000 2457827.751165 -39.084000 0.073000 -0.522137 -132.794740 0.000000
0.000000 0.000000 2457827.751231 -38.969000 0.093000 -0.522136 -132.794928 0.000000
0.000000 0.000000 2457827.751334 -38.964000 0.059000 -0.522133 -132.795223 0.000000
0.000000 0.000000 2457827.751400 -38.984000 0.083000 -0.522132 -132.795410 0.000000
0.000000 0.000000 2457827.751456 -38.733000 0.079000 -0.522131 -132.795571 0.000000
0.000000 0.000000 2457827.751512 -38.906000 0.079000 -0.522129 -132.795731 0.000000
0.000000 0.000000 2457854.500394 0.132000 0.141000 0.701433 128.854659 0.000000
0.000000 0.000000 2457854.500450 0.183000 0.126000 0.701433 128.854586 0.000000
0.000000 0.000000 2457854.500507 0.093000 0.132000 0.701434 128.854512 0.000000
0.000000 0.000000 2457854.500563 0.295000 0.127000 0.701435 128.854439 0.000000
0.000000 0.000000 2457854.500619 0.105000 0.151000 0.701435 128.854366 0.000000
0.000000 0.000000 2457854.500675 0.104000 0.132000 0.701436 128.854293 0.000000
0.000000 0.000000 2457854.500732 0.051000 0.124000 0.701436 128.854220 0.000000
0.000000 0.000000 2457854.500788 0.248000 0.129000 0.701437 128.854148 0.000000
0.000000 0.000000 2457854.574413 0.116000 0.156000 0.702254 128.754022 0.000000
0.000000 0.000000 2457854.574459 0.307000 0.102000 0.702255 128.753956 0.000000
0.000000 0.000000 2457854.574515 0.368000 0.111000 0.702255 128.753875 0.000000
0.000000 0.000000 2457854.574571 0.118000 0.091000 0.702256 128.753795 0.000000
0.000000 0.000000 2457854.574627 0.291000 0.094000 0.702257 128.753714 0.000000
0.000000 0.000000 2457854.574684 0.305000 0.136000 0.702257 128.753633 0.000000
0.000000 0.000000 2457854.574740 0.221000 0.091000 0.702258 128.753552 0.000000
0.000000 0.000000 2457854.574796 0.185000 0.099000 0.702259 128.753471 0.000000
0.000000 0.000000 2457854.574852 0.339000 0.094000 0.702259 128.753390 0.000000
0.000000 0.000000 2457882.245431 -18.488000 0.138000 -0.670064 -159.678531 0.000000
0.000000 0.000000 2457882.245487 -18.460000 0.135000 -0.670065 -159.678485 0.000000
0.000000 0.000000 2457882.245537 -18.337000 0.101000 -0.670065 -159.678444 0.000000
0.000000 0.000000 2457882.245599 -18.426000 0.132000 -0.670066 -159.678393 0.000000
0.000000 0.000000 2457882.245650 -18.422000 0.087000 -0.670067 -159.678351 0.000000
0.000000 0.000000 2457882.245706 -18.410000 0.088000 -0.670068 -159.678305 0.000000
0.000000 0.000000 2457882.245768 -18.275000 0.119000 -0.670069 -159.678254 0.000000
0.000000 0.000000 2457882.245824 -18.383000 0.122000 -0.670070 -159.678208 0.000000
0.000000 0.000000 2457882.245875 -18.372000 0.089000 -0.670071 -159.678166 0.000000
0.000000 0.000000 2457882.319449 -18.484000 0.198000 -0.671134 -159.624912 0.000000
0.000000 0.000000 2457882.319505 -18.478000 0.178000 -0.671135 -159.624876 0.000000
0.000000 0.000000 2457882.319561 -18.464000 0.177000 -0.671136 -159.624841 0.000000
0.000000 0.000000 2457882.319618 -18.613000 0.178000 -0.671136 -159.624805 0.000000
0.000000 0.000000 2457882.319674 -18.732000 0.146000 -0.671137 -159.624770 0.000000
0.000000 0.000000 2457882.319730 -18.409000 0.149000 -0.671138 -159.624734 0.000000
0.000000 0.000000 2457882.319786 -18.271000 0.146000 -0.671139 -159.624698 0.000000
0.000000 0.000000 2457882.319843 -18.481000 0.155000 -0.671139 -159.624662 0.000000
0.000000 0.000000 2457882.319899 -18.447000 0.143000 -0.671140 -159.624627 0.000000
0.000000 0.000000 2458032.581486 -35.368000 0.187000 0.670569 -44.811038 0.000000
0.000000 0.000000 2458032.581539 -35.335000 0.130000 0.670569 -44.810996 0.000000
0.000000 0.000000 2458032.581596 -35.306000 0.131000 0.670568 -44.810953 0.000000
0.000000 0.000000 2458032.581652 -35.449000 0.123000 0.670567 -44.810910 0.000000
0.000000 0.000000 2458032.581708 -35.163000 0.124000 0.670566 -44.810866 0.000000
0.000000 0.000000 2458032.581764 -35.233000 0.139000 0.670565 -44.810823 0.000000
0.000000 0.000000 2458032.581821 -35.370000 0.126000 0.670564 -44.810779 0.000000
0.000000 0.000000 2458032.581877 -35.479000 0.133000 0.670563 -44.810736 0.000000
0.000000 0.000000 2458032.581933 -35.367000 0.123000 0.670563 -44.810692 0.000000
0.000000 0.000000 2458032.655478 -35.406000 0.140000 0.669518 -44.759464 0.000000
0.000000 0.000000 2458032.655535 -35.361000 0.139000 0.669517 -44.759429 0.000000
0.000000 0.000000 2458032.655591 -35.279000 0.158000 0.669517 -44.759394 0.000000
0.000000 0.000000 2458032.655647 -35.618000 0.139000 0.669516 -44.759359 0.000000
0.000000 0.000000 2458032.655703 -35.415000 0.134000 0.669515 -44.759323 0.000000
0.000000 0.000000 2458032.655760 -35.537000 0.136000 0.669514 -44.759288 0.000000
0.000000 0.000000 2458032.655816 -35.327000 0.139000 0.669514 -44.759253 0.000000
0.000000 0.000000 2458032.655866 -35.445000 0.126000 0.669513 -44.759222 0.000000
0.000000 0.000000 2458032.655928 -35.520000 0.144000 0.669512 -44.759184 0.000000
0.000000 0.000000 2458060.066827 -51.401000 0.182000 -0.700598 26.648771 0.000000
0.000000 0.000000 2458060.066880 -51.325000 0.136000 -0.700598 26.648697 0.000000
0.000000 0.000000 2458060.066936 -51.430000 0.132000 -0.700597 26.648618 0.000000
0.000000 0.000000 2458060.066993 -51.167000 0.128000 -0.700596 26.648539 0.000000
0.000000 0.000000 2458060.067049 -51.211000 0.131000 -0.700596 26.648461 0.000000
0.000000 0.000000 2458060.067105 -51.238000 0.135000 -0.700595 26.648382 0.000000
0.000000 0.000000 2458060.067161 -51.231000 0.135000 -0.700594 26.648304 0.000000
0.000000 0.000000 2458060.067217 -51.229000 0.128000 -0.700594 26.648225 0.000000
0.000000 0.000000 2458060.067274 -51.327000 0.129000 -0.700593 26.648146 0.000000
0.000000 0.000000 2458060.140813 -51.466000 0.137000 -0.699644 26.537640 0.000000
0.000000 0.000000 2458060.140869 -51.142000 0.131000 -0.699643 26.537550 0.000000
0.000000 0.000000 2458060.140926 -51.438000 0.134000 -0.699642 26.537460 0.000000
0.000000 0.000000 2458060.140982 -51.351000 0.117000 -0.699641 26.537370 0.000000
0.000000 0.000000 2458060.141038 -51.542000 0.110000 -0.699641 26.537280 0.000000
0.000000 0.000000 2458060.141094 -51.313000 0.121000 -0.699640 26.537190 0.000000
0.000000 0.000000 2458060.141151 -51.303000 0.113000 -0.699639 26.537101 0.000000
0.000000 0.000000 2458060.141207 -51.429000 0.111000 -0.699638 26.537011 0.000000
0.000000 0.000000 2458060.141258 -51.439000 0.090000 -0.699638 26.536929 0.000000
0.000000 0.000000 2458086.058625 -20.563000 0.154000 0.516618 -71.059198 0.000000
0.000000 0.000000 2458086.058667 -20.479000 0.099000 0.516619 -71.059322 0.000000
0.000000 0.000000 2458086.058723 -20.463000 0.080000 0.516620 -71.059487 0.000000
0.000000 0.000000 2458086.058789 -20.584000 0.084000 0.516622 -71.059678 0.000000
0.000000 0.000000 2458086.058845 -20.484000 0.078000 0.516623 -71.059843 0.000000
0.000000 0.000000 2458086.058901 -20.606000 0.079000 0.516624 -71.060007 0.000000
0.000000 0.000000 2458086.058957 -20.542000 0.076000 0.516626 -71.060172 0.000000
0.000000 0.000000 2458086.059014 -20.560000 0.079000 0.516627 -71.060336 0.000000
0.000000 0.000000 2458086.059070 -20.491000 0.078000 0.516628 -71.060501 0.000000
0.000000 0.000000 2458086.132616 -20.183000 0.139000 0.518392 -71.281720 0.000000
0.000000 0.000000 2458086.132663 -20.248000 0.097000 0.518393 -71.281867 0.000000
0.000000 0.000000 2458086.132720 -20.241000 0.123000 0.518395 -71.282041 0.000000
0.000000 0.000000 2458086.132785 -20.173000 0.146000 0.518396 -71.282244 0.000000
0.000000 0.000000 2458086.132841 -20.203000 0.100000 0.518398 -71.282419 0.000000
0.000000 0.000000 2458086.132897 -20.138000 0.120000 0.518399 -71.282593 0.000000
0.000000 0.000000 2458086.132954 -19.911000 0.113000 0.518401 -71.282767 0.000000
0.000000 0.000000 2458086.133010 -20.168000 0.131000 0.518402 -71.282941 0.000000
0.000000 0.000000 2458086.133066 -20.285000 0.101000 0.518403 -71.283115 0.000000
0.000000 0.000000 2458203.801301 87.063000 0.157000 -0.619981 -135.594314 0.000000
0.000000 0.000000 2458203.801351 87.210000 0.100000 -0.619981 -135.594427 0.000000
0.000000 0.000000 2458203.801407 87.102000 0.100000 -0.619980 -135.594554 0.000000
0.000000 0.000000 2458203.801463 87.051000 0.091000 -0.619979 -135.594681 0.000000
0.000000 0.000000 2458203.801520 87.165000 0.125000 -0.619978 -135.594807 0.000000
0.000000 0.000000 2458203.801576 87.171000 0.091000 -0.619977 -135.594934 0.000000
0.000000 0.000000 2458203.801632 87.175000 0.091000 -0.619976 -135.595060 0.000000
0.000000 0.000000 2458203.801688 87.096000 0.091000 -0.619975 -135.595187 0.000000
0.000000 0.000000 2458234.293149 44.165000 0.144000 0.712587 120.212112 0.000000
0.000000 0.000000 2458234.293206 44.171000 0.138000 0.712586 120.212111 0.000000
0.000000 0.000000 2458234.293256 44.107000 0.097000 0.712586 120.212111 0.000000
0.000000 0.000000 2458234.293312 44.092000 0.094000 0.712586 120.212111 0.000000
0.000000 0.000000 2458234.293374 44.043000 0.122000 0.712585 120.212111 0.000000
0.000000 0.000000 2458234.293431 44.091000 0.125000 0.712585 120.212111 0.000000
0.000000 0.000000 2458234.293487 44.114000 0.121000 0.712584 120.212111 0.000000
0.000000 0.000000 2458234.293543 44.227000 0.120000 0.712584 120.212111 0.000000
0.000000 0.000000 2458234.293594 44.150000 0.089000 0.712583 120.212111 0.000000
0.000000 0.000000 2458258.116841 128.743000 0.174000 -0.602385 -169.403439 0.000000
0.000000 0.000000 2458258.116892 129.148000 0.118000 -0.602386 -169.403369 0.000000
0.000000 0.000000 2458258.116949 129.218000 0.103000 -0.602387 -169.403292 0.000000
0.000000 0.000000 2458258.117005 129.111000 0.099000 -0.602388 -169.403215 0.000000
0.000000 0.000000 2458258.117061 128.976000 0.269000 -0.602390 -169.403139 0.000000
0.000000 0.000000 2458258.117118 129.037000 0.087000 -0.602391 -169.403062 0.000000
0.000000 0.000000 2458258.117174 129.181000 0.095000 -0.602392 -169.402985 0.000000
0.000000 0.000000 2458258.117230 128.966000 0.087000 -0.602393 -169.402908 0.000000
0.000000 0.000000 2458358.417619 -170.375000 0.137000 0.236135 10.177230 0.000000
0.000000 0.000000 2458358.417666 -170.266000 0.081000 0.236132 10.177398 0.000000
0.000000 0.000000 2458358.417722 -170.285000 0.073000 0.236129 10.177597 0.000000
0.000000 0.000000 2458358.417779 -170.088000 0.081000 0.236126 10.177797 0.000000
0.000000 0.000000 2458358.417835 -170.381000 0.065000 0.236123 10.177997 0.000000
0.000000 0.000000 2458358.417891 -170.098000 0.059000 0.236120 10.178196 0.000000
0.000000 0.000000 2458358.417956 -170.354000 0.079000 0.236116 10.178428 0.000000
0.000000 0.000000 2458358.418060 -170.233000 0.060000 0.236110 10.178795 0.000000
0.000000 0.000000 2458358.491620 -170.556000 0.189000 0.232098 10.434803 0.000000
0.000000 0.000000 2458358.491667 -170.384000 0.117000 0.232096 10.434963 0.000000
0.000000 0.000000 2458358.491723 -170.039000 0.142000 0.232093 10.435155 0.000000
0.000000 0.000000 2458358.491779 -170.609000 0.140000 0.232090 10.435346 0.000000
0.000000 0.000000 2458358.491836 -170.128000 0.089000 0.232087 10.435537 0.000000
0.000000 0.000000 2458358.491892 -170.039000 0.103000 0.232084 10.435729 0.000000
0.000000 0.000000 2458358.492061 -170.216000 0.089000 0.232075 10.436302 0.000000
0.000000 0.000000 2458358.667771 -170.566000 0.140000 0.222439 11.048597 0.000000
0.000000 0.000000 2458358.667822 -170.551000 0.100000 0.222436 11.048778 0.000000
0.000000 0.000000 2458358.667878 -170.608000 0.106000 0.222433 11.048979 0.000000
0.000000 0.000000 2458358.667940 -170.381000 0.134000 0.222429 11.049202 0.000000
0.000000 0.000000 2458358.667990 -170.512000 0.098000 0.222427 11.049384 0.000000
0.000000 0.000000 2458358.668047 -170.340000 0.097000 0.222423 11.049586 0.000000
0.000000 0.000000 2458358.668103 -170.356000 0.095000 0.222420 11.049788 0.000000
0.000000 0.000000 2458358.668159 -170.487000 0.093000 0.222417 11.049991 0.000000
0.000000 0.000000 2458358.668215 -170.503000 0.093000 0.222414 11.050193 0.000000
0.000000 0.000000 2458358.741770 -170.426000 0.139000 0.218320 11.309879 0.000000
0.000000 0.000000 2458358.741827 -170.602000 0.140000 0.218316 11.310073 0.000000
0.000000 0.000000 2458358.741883 -170.432000 0.148000 0.218313 11.310267 0.000000
0.000000 0.000000 2458358.741939 -170.417000 0.137000 0.218310 11.310461 0.000000
0.000000 0.000000 2458358.741995 -170.493000 0.138000 0.218307 11.310655 0.000000
0.000000 0.000000 2458358.742052 -170.456000 0.143000 0.218304 11.310849 0.000000
0.000000 0.000000 2458358.742108 -170.552000 0.144000 0.218301 11.311043 0.000000
0.000000 0.000000 2458358.742158 -170.335000 0.132000 0.218298 11.311217 0.000000
0.000000 0.000000 2458358.742220 -170.713000 0.152000 0.218295 11.311431 0.000000
0.000000 0.000000 2458368.245257 -142.802000 0.141000 -0.402333 48.224977 0.000000
0.000000 0.000000 2458368.245302 -142.831000 0.087000 -0.402336 48.225130 0.000000
0.000000 0.000000 2458368.245425 -142.727000 0.136000 -0.402342 48.225542 0.000000
0.000000 0.000000 2458368.245476 -142.994000 0.103000 -0.402345 48.225711 0.000000
0.000000 0.000000 2458368.245532 -142.749000 0.100000 -0.402348 48.225899 0.000000
0.000000 0.000000 2458368.245594 -142.797000 0.143000 -0.402352 48.226107 0.000000
0.000000 0.000000 2458368.245701 -142.833000 0.116000 -0.402358 48.226464 0.000000
0.000000 0.000000 2458368.421387 -141.803000 0.114000 -0.412347 48.823704 0.000000
0.000000 0.000000 2458368.421430 -141.823000 0.073000 -0.412349 48.823851 0.000000
0.000000 0.000000 2458368.421551 -141.803000 0.077000 -0.412356 48.824274 0.000000
0.000000 0.000000 2458368.421607 -141.659000 0.076000 -0.412360 48.824469 0.000000
0.000000 0.000000 2458368.421655 -141.540000 0.091000 -0.412362 48.824633 0.000000
0.000000 0.000000 2458368.421767 -141.599000 0.065000 -0.412369 48.825024 0.000000
0.000000 0.000000 2458368.421832 -141.822000 0.078000 -0.412373 48.825251 0.000000
0.000000 0.000000 2458368.495395 -141.240000 0.300000 -0.416523 49.073450 0.000000
0.000000 0.000000 2458368.495448 -141.335000 0.194000 -0.416526 49.073624 0.000000
0.000000 0.000000 2458368.495504 -141.436000 0.201000 -0.416529 49.073808 0.000000
0.000000 0.000000 2458368.495563 -141.365000 0.244000 -0.416533 49.074002 0.000000
0.000000 0.000000 2458368.495617 -141.422000 0.145000 -0.416536 49.074177 0.000000
0.000000 0.000000 2458368.495673 -141.459000 0.143000 -0.416539 49.074362 0.000000
0.000000 0.000000 2458368.495729 -141.260000 0.138000 -0.416542 49.074547 0.000000
0.000000 0.000000 2458368.495785 -141.295000 0.148000 -0.416545 49.074732 0.000000
0.000000 0.000000 2458368.495842 -141.253000 0.143000 -0.416548 49.074916 0.000000
0.000000 0.000000 2458408.376616 -77.838000 0.313000 0.703937 -52.643933 0.000000
0.000000 0.000000 2458408.376670 -78.141000 0.198000 0.703937 -52.643934 0.000000
0.000000 0.000000 2458408.376729 -78.107000 0.207000 0.703936 -52.643935 0.000000
0.000000 0.000000 2458408.376785 -77.930000 0.184000 0.703936 -52.643936 0.000000
0.000000 0.000000 2458408.376841 -77.918000 0.177000 0.703936 -52.643937 0.000000
0.000000 0.000000 2458408.376897 -78.164000 0.170000 0.703935 -52.643939 0.000000
0.000000 0.000000 2458408.376954 -78.064000 0.188000 0.703935 -52.643941 0.000000
0.000000 0.000000 2458408.377010 -77.996000 0.184000 0.703935 -52.643942 0.000000
0.000000 0.000000 2458408.377066 -78.021000 0.182000 0.703934 -52.643944 0.000000
0.000000 0.000000 2458408.450608 -77.868000 0.205000 0.703518 -52.649855 0.000000
0.000000 0.000000 2458408.450654 -77.934000 0.140000 0.703518 -52.649863 0.000000
0.000000 0.000000 2458408.450715 -78.130000 0.130000 0.703518 -52.649874 0.000000
0.000000 0.000000 2458408.450771 -78.069000 0.112000 0.703518 -52.649884 0.000000
0.000000 0.000000 2458408.450827 -78.146000 0.108000 0.703517 -52.649894 0.000000
0.000000 0.000000 2458408.450884 -78.087000 0.104000 0.703517 -52.649904 0.000000
0.000000 0.000000 2458408.450940 -77.981000 0.100000 0.703517 -52.649914 0.000000
0.000000 0.000000 2458408.450996 -78.006000 0.110000 0.703517 -52.649924 0.000000
0.000000 0.000000 2458408.451052 -78.109000 0.103000 0.703516 -52.649934 0.000000
0.000000 0.000000 2458440.106174 -206.265000 0.130000 -0.623075 14.068507 0.000000
0.000000 0.000000 2458440.106226 -206.359000 0.091000 -0.623074 14.068369 0.000000
0.000000 0.000000 2458440.106273 -206.436000 0.070000 -0.623073 14.068243 0.000000
0.000000 0.000000 2458440.106329 -206.339000 0.064000 -0.623071 14.068093 0.000000
0.000000 0.000000 2458440.106451 -206.335000 0.079000 -0.623068 14.067768 0.000000
0.000000 0.000000 2458440.106498 -206.356000 0.068000 -0.623066 14.067642 0.000000
0.000000 0.000000 2458440.106554 -206.396000 0.066000 -0.623065 14.067492 0.000000
0.000000 0.000000 2458461.856086 -14.595000 0.084000 0.387585 -72.663740 0.000000
0.000000 0.000000 2458461.856198 -14.808000 0.080000 0.387588 -72.664131 0.000000
0.000000 0.000000 2458461.856254 -14.662000 0.076000 0.387590 -72.664327 0.000000
0.000000 0.000000 2458461.856367 -14.723000 0.077000 0.387593 -72.664719 0.000000
0.000000 0.000000 2458461.856423 -14.733000 0.082000 0.387595 -72.664915 0.000000
0.000000 0.000000 2458461.930042 -13.578000 0.190000 0.389755 -72.927463 0.000000
0.000000 0.000000 2458461.930095 -13.747000 0.139000 0.389756 -72.927659 0.000000
0.000000 0.000000 2458461.930152 -13.666000 0.144000 0.389758 -72.927865 0.000000
0.000000 0.000000 2458461.930208 -13.740000 0.137000 0.389760 -72.928071 0.000000
0.000000 0.000000 2458461.930264 -13.607000 0.134000 0.389761 -72.928278 0.000000
0.000000 0.000000 2458461.930320 -13.750000 0.164000 0.389763 -72.928484 0.000000
0.000000 0.000000 2458461.930376 -13.600000 0.140000 0.389765 -72.928690 0.000000
0.000000 0.000000 2458461.930433 -13.616000 0.153000 0.389767 -72.928896 0.000000
0.000000 0.000000 2458461.930489 -13.664000 0.158000 0.389768 -72.929102 0.000000
0.000000 0.000000 2458579.925428 235.765000 0.143000 -0.684281 -139.639928 0.000000
0.000000 0.000000 2458579.925484 235.666000 0.142000 -0.684280 -139.640018 0.000000
0.000000 0.000000 2458579.925541 235.792000 0.168000 -0.684280 -139.640108 0.000000
0.000000 0.000000 2458579.925597 235.558000 0.147000 -0.684279 -139.640199 0.000000
0.000000 0.000000 2458579.925653 235.579000 0.151000 -0.684279 -139.640289 0.000000
0.000000 0.000000 2458579.925709 235.799000 0.155000 -0.684278 -139.640379 0.000000
0.000000 0.000000 2458579.925766 235.677000 0.167000 -0.684277 -139.640470 0.000000
0.000000 0.000000 2458579.925822 235.719000 0.199000 -0.684277 -139.640560 0.000000
0.000000 0.000000 2458579.925878 235.705000 0.181000 -0.684276 -139.640650 0.000000
0.000000 0.000000 2458580.101603 236.352000 0.127000 -0.682561 -139.911418 0.000000
0.000000 0.000000 2458580.101650 236.199000 0.085000 -0.682561 -139.911489 0.000000
0.000000 0.000000 2458580.101707 236.307000 0.086000 -0.682561 -139.911573 0.000000
0.000000 0.000000 2458580.101772 236.138000 0.104000 -0.682560 -139.911672 0.000000
0.000000 0.000000 2458580.101828 236.343000 0.084000 -0.682559 -139.911756 0.000000
0.000000 0.000000 2458580.101875 236.213000 0.074000 -0.682559 -139.911827 0.000000
0.000000 0.000000 2458580.101941 236.229000 0.087000 -0.682558 -139.911925 0.000000
0.000000 0.000000 2458580.101997 236.233000 0.086000 -0.682558 -139.912009 0.000000
0.000000 0.000000 2458580.102053 236.442000 0.083000 -0.682557 -139.912093 0.000000
0.000000 0.000000 2458613.835020 51.142000 0.122000 0.669865 113.765418 0.000000
0.000000 0.000000 2458613.835062 51.184000 0.081000 0.669864 113.765471 0.000000
0.000000 0.000000 2458613.835119 51.397000 0.074000 0.669863 113.765541 0.000000
0.000000 0.000000 2458613.835175 51.162000 0.077000 0.669861 113.765612 0.000000
0.000000 0.000000 2458613.835231 51.186000 0.078000 0.669860 113.765683 0.000000
0.000000 0.000000 2458613.835287 51.224000 0.072000 0.669858 113.765753 0.000000
0.000000 0.000000 2458613.835344 51.237000 0.072000 0.669857 113.765823 0.000000
0.000000 0.000000 2458613.835456 51.337000 0.073000 0.669854 113.765963 0.000000
0.000000 0.000000 2458613.909044 51.832000 0.155000 0.668002 113.855379 0.000000
0.000000 0.000000 2458613.909094 51.847000 0.127000 0.668001 113.855436 0.000000
0.000000 0.000000 2458613.909151 51.968000 0.121000 0.668000 113.855500 0.000000
0.000000 0.000000 2458613.909207 51.667000 0.130000 0.667998 113.855564 0.000000
0.000000 0.000000 2458613.909263 52.069000 0.130000 0.667997 113.855628 0.000000
0.000000 0.000000 2458613.909315 52.006000 0.209000 0.667996 113.855687 0.000000
0.000000 0.000000 2458613.909371 51.838000 0.135000 0.667994 113.855751 0.000000
0.000000 0.000000 2458613.909432 51.789000 0.156000 0.667993 113.855821 0.000000
0.000000 0.000000 2458613.909488 52.112000 0.159000 0.667991 113.855885 0.000000
0.000000 0.000000 2458633.588670 278.254000 0.153000 -0.504061 178.451251 0.000000
0.000000 0.000000 2458633.588720 278.173000 0.116000 -0.504062 178.451366 0.000000
0.000000 0.000000 2458633.588776 278.254000 0.115000 -0.504064 178.451494 0.000000
0.000000 0.000000 2458633.588838 278.235000 0.138000 -0.504066 178.451635 0.000000
0.000000 0.000000 2458633.588889 278.165000 0.101000 -0.504068 178.451750 0.000000
0.000000 0.000000 2458633.588945 278.334000 0.100000 -0.504070 178.451878 0.000000
0.000000 0.000000 2458633.589007 278.425000 0.138000 -0.504072 178.452019 0.000000
0.000000 0.000000 2458633.589057 278.332000 0.100000 -0.504074 178.452134 0.000000
0.000000 0.000000 2458633.589114 278.240000 0.095000 -0.504076 178.452261 0.000000
0.000000 0.000000 2458633.662688 278.411000 0.241000 -0.506504 178.610173 0.000000
0.000000 0.000000 2458633.662742 278.676000 0.177000 -0.506506 178.610283 0.000000
0.000000 0.000000 2458633.662801 278.532000 0.227000 -0.506507 178.610405 0.000000
0.000000 0.000000 2458633.662857 278.478000 0.224000 -0.506509 178.610521 0.000000
0.000000 0.000000 2458633.662913 278.387000 0.226000 -0.506511 178.610636 0.000000
0.000000 0.000000 2458633.662970 278.526000 0.233000 -0.506513 178.610752 0.000000
0.000000 0.000000 2458633.663026 278.581000 0.234000 -0.506515 178.610867 0.000000
0.000000 0.000000 2458633.663082 278.475000 0.237000 -0.506516 178.610983 0.000000
0.000000 0.000000 2458633.663138 278.508000 0.227000 -0.506518 178.611098 0.000000
0.000000 0.000000 2458767.208160 -311.529000 0.213000 -0.695162 40.015033 0.000000
0.000000 0.000000 2458767.208211 -311.428000 0.141000 -0.695162 40.014964 0.000000
0.000000 0.000000 2458767.208267 -311.561000 0.121000 -0.695161 40.014886 0.000000
0.000000 0.000000 2458767.208329 -311.513000 0.147000 -0.695161 40.014801 0.000000
0.000000 0.000000 2458767.208385 -311.454000 0.139000 -0.695160 40.014724 0.000000
0.000000 0.000000 2458767.208442 -311.387000 0.142000 -0.695160 40.014646 0.000000
0.000000 0.000000 2458767.208498 -311.690000 0.145000 -0.695159 40.014569 0.000000
0.000000 0.000000 2458767.208554 -311.555000 0.143000 -0.695159 40.014491 0.000000
0.000000 0.000000 2458767.208610 -311.363000 0.141000 -0.695159 40.014414 0.000000
0.000000 0.000000 2458767.282155 -311.692000 0.202000 -0.694465 39.905768 0.000000
0.000000 0.000000 2458767.282212 -311.808000 0.180000 -0.694465 39.905679 0.000000
0.000000 0.000000 2458767.282268 -311.571000 0.202000 -0.694464 39.905591 0.000000
0.000000 0.000000 2458767.282324 -311.681000 0.230000 -0.694464 39.905502 0.000000
0.000000 0.000000 2458767.282380 -311.751000 0.181000 -0.694463 39.905413 0.000000
0.000000 0.000000 2458767.282436 -311.457000 0.214000 -0.694462 39.905325 0.000000
0.000000 0.000000 2458767.282493 -311.588000 0.210000 -0.694462 39.905236 0.000000
0.000000 0.000000 2458767.282549 -311.653000 0.227000 -0.694461 39.905147 0.000000
0.000000 0.000000 2458767.282605 -311.589000 0.207000 -0.694461 39.905059 0.000000
0.000000 0.000000 2458800.593678 -62.745000 0.249000 0.647766 -66.574582 0.000000
0.000000 0.000000 2458800.593732 -62.829000 0.168000 0.647764 -66.574515 0.000000
0.000000 0.000000 2458800.593788 -62.668000 0.167000 0.647763 -66.574444 0.000000
0.000000 0.000000 2458800.593844 -62.923000 0.167000 0.647761 -66.574373 0.000000
0.000000 0.000000 2458800.593900 -62.512000 0.266000 0.647760 -66.574302 0.000000
0.000000 0.000000 2458800.593957 -62.768000 0.167000 0.647758 -66.574230 0.000000
0.000000 0.000000 2458800.594013 -62.695000 0.180000 0.647757 -66.574159 0.000000
0.000000 0.000000 2458800.594069 -62.851000 0.169000 0.647756 -66.574087 0.000000
0.000000 0.000000 2458819.114892 -357.213000 0.159000 -0.492306 -2.447506 0.000000
0.000000 0.000000 2458819.114943 -357.194000 0.124000 -0.492308 -2.447391 0.000000
0.000000 0.000000 2458819.115000 -357.030000 0.166000 -0.492310 -2.447265 0.000000
0.000000 0.000000 2458819.115056 -357.227000 0.199000 -0.492312 -2.447139 0.000000
0.000000 0.000000 2458819.115112 -357.176000 0.138000 -0.492313 -2.447014 0.000000
0.000000 0.000000 2458819.115168 -357.211000 0.175000 -0.492315 -2.446890 0.000000
0.000000 0.000000 2458819.115225 -356.959000 0.171000 -0.492317 -2.446765 0.000000
0.000000 0.000000 2458819.115281 -357.266000 0.193000 -0.492319 -2.446641 0.000000
0.000000 0.000000 2458819.115337 -357.034000 0.156000 -0.492321 -2.446517 0.000000
